4 75 225
4 75 450
4 75 375
4 75 300
4 75 525
4 75 150
6 75 75
4 75 600
4 75 675
3 150 300
5 150 225
3 150 375
3 150 450
5 150 150
7 150 75
5 150 675
5 150 600
3 150 525
3 225 450
3 225 600
8 225 300
3 225 675
3 225 375
3 225 525
8 300 300
3 300 450
3 300 375
3 300 525
8 375 300
3 375 375
3 375 450
3 375 525
3 375 600
3 375 675
3 450 525
3 450 375
3 450 600
8 450 300
3 450 450
3 450 675
8 525 300
3 525 450
3 525 375
3 525 675
3 525 600
3 525 525
5 600 375
5 600 450
5 600 525
5 600 675
5 600 600
12 600 0
7 600 300
4 900 375
4 900 450
4 900 525
6 900 300
4 900 675
4 900 600
3 975 375
3 975 675
3 975 525
3 975 600
8 975 300
3 975 450
8 1050 300
3 1050 450
3 1050 375
3 1050 600
3 1050 525
3 1050 675
5 1125 375
3 1125 675
3 1125 600
3 1125 525
7 1125 300
5 1125 450
9 1275 75
0 1350 300
16 1350 225
2 1425 300
2 1500 300
2 1575 300
2 1650 300
16 1650 225
2 1725 300
2 1800 300
2 1875 300
12 1875 0
2 1950 300
12 1950 0
1 2025 300
4 2250 525
6 2250 450
4 2250 600
4 2250 675
3 2325 675
8 2325 450
3 2325 600
3 2325 525
8 2400 450
3 2400 600
3 2400 675
3 2400 525
8 2475 450
3 2475 600
3 2475 525
3 2475 675
9 2475 375
8 2550 450
3 2550 525
3 2550 675
3 2550 600
9 2550 375
8 2625 450
3 2625 600
3 2625 525
3 2625 675
8 2700 450
3 2700 525
3 2700 675
3 2700 600
5 2775 675
5 2775 525
11 2775 375
7 2775 450
5 2775 600
6 3000 525
4 3000 675
4 3000 600
3 3075 600
3 3075 675
8 3075 525
8 3150 525
3 3150 675
3 3150 600
8 3225 525
3 3225 675
3 3225 600
9 3225 375
3 3300 675
8 3300 525
3 3300 600
16 3375 450
3 3375 600
8 3375 525
3 3375 675
3 3450 600
3 3450 675
8 3450 525
7 3525 525
5 3525 675
5 3525 600
4 3675 675
4 3675 600
16 3675 525
3 3750 675
8 3750 600
3 3825 675
8 3825 600
3 3900 675
8 3900 600
3 3975 675
8 3975 600
9 3975 450
16 3975 525
3 4050 675
8 4050 600
8 4125 600
12 4125 300
3 4125 675
3 4200 675
8 4200 600
12 4200 300
8 4275 600
3 4275 675
3 4350 675
8 4350 600
7 4425 600
5 4425 675
11 4500 600
11 4575 600
0 4650 600
2 4725 600
2 4800 600
1 4875 600
10 4875 525
