4 75 225
4 75 450
4 75 375
4 75 300
4 75 525
4 75 150
6 75 75
4 75 600
4 75 675
3 150 300
5 150 225
3 150 375
3 150 450
5 150 150
7 150 75
3 150 675
3 150 600
3 150 525
3 225 600
3 225 675
3 225 525
3 225 450
3 225 375
22 225 300
3 300 450
3 300 375
3 300 525
22 300 300
3 300 675
3 300 600
3 375 600
3 375 525
22 375 300
3 375 675
3 375 450
3 375 375
3 450 600
3 450 525
3 450 675
22 450 300
3 450 375
3 450 450
3 525 450
3 525 525
3 525 375
22 525 300
3 525 600
3 525 675
8 600 300
3 600 600
3 600 675
3 600 450
3 600 375
3 600 525
3 675 525
3 675 675
8 675 300
3 675 600
3 675 375
3 675 450
11 675 225
5 750 375
3 750 600
3 750 675
3 750 525
3 750 450
7 750 300
3 825 525
8 825 450
3 825 600
3 825 675
3 900 600
3 900 525
8 900 450
3 900 675
3 975 675
3 975 525
4 975 375
3 975 450
6 975 300
3 975 600
8 1050 300
3 1050 525
3 1050 600
3 1050 450
3 1050 375
3 1050 675
3 1125 525
3 1125 600
3 1125 375
3 1125 675
8 1125 300
3 1125 450
3 1200 375
3 1200 675
3 1200 525
3 1200 600
8 1200 300
3 1200 450
3 1275 450
3 1275 675
3 1275 525
3 1275 600
8 1275 300
3 1275 375
3 1350 525
3 1350 450
3 1350 675
3 1350 600
8 1350 300
3 1350 375
5 1425 675
7 1425 300
5 1425 375
5 1425 450
5 1425 600
5 1425 525
0 1650 375
2 1725 375
4 1800 675
9 1800 225
8 1800 375
4 1800 450
4 1800 525
4 1800 600
8 1875 375
3 1875 450
3 1875 675
3 1875 525
3 1875 600
3 1950 675
3 1950 450
3 1950 600
3 1950 525
8 1950 375
3 2025 450
3 2025 675
3 2025 600
3 2025 525
8 2025 375
3 2100 600
5 2100 450
7 2100 375
3 2100 525
3 2100 675
3 2175 600
3 2175 675
8 2175 525
8 2250 525
3 2250 675
3 2250 600
3 2325 675
3 2325 600
8 2325 525
3 2400 675
8 2400 525
3 2400 600
8 2475 525
3 2475 675
3 2475 600
7 2550 525
3 2550 675
3 2550 600
8 2625 600
3 2625 675
11 2625 525
8 2700 600
11 2700 525
3 2700 675
9 2700 375
3 2775 675
3 2775 600
6 2775 525
8 2850 525
3 2850 675
3 2850 600
8 2925 525
3 2925 600
3 2925 675
3 3000 600
8 3000 525
3 3000 675
5 3075 600
5 3075 675
7 3075 525
0 3300 525
2 3375 525
2 3450 525
9 3450 450
2 3525 525
1 3600 525
0 3750 375
1 3825 375
0 4050 375
2 4125 375
2 4200 375
9 4200 225
4 4275 525
8 4275 375
4 4275 675
4 4275 600
4 4275 450
5 4350 600
5 4350 525
7 4350 375
5 4350 675
5 4350 450
22 4425 675
22 4500 675
0 4575 375
16 4575 300
22 4575 675
22 4650 675
2 4650 375
2 4725 375
22 4725 675
2 4800 375
16 4800 300
22 4800 675
9 4800 525
9 4875 300
22 4875 675
2 4875 375
2 4950 375
12 4950 75
22 4950 675
22 5025 675
2 5025 375
2 5100 375
21 5100 675
2 5175 375
1 5250 375
0 5325 675
2 5400 675
2 5475 675
4 5550 150
4 5550 75
6 5550 0
2 5550 675
0 5550 225
2 5625 675
2 5625 225
5 5625 150
7 5625 0
5 5625 75
4 5700 675
4 5700 600
6 5700 525
2 5700 225
9 5700 150
9 5700 75
9 5775 75
3 5775 675
8 5775 525
3 5775 600
9 5775 150
2 5775 225
3 5850 600
3 5850 675
1 5850 225
9 5850 150
8 5850 525
3 5925 600
8 5925 525
3 5925 675
8 6000 525
3 6000 675
3 6000 600
0 6000 375
3 6075 675
2 6075 375
3 6075 600
8 6075 525
1 6150 375
8 6150 525
3 6150 675
3 6150 600
3 6225 600
3 6225 675
8 6225 525
0 6300 150
8 6300 525
3 6300 675
3 6300 600
5 6375 675
1 6375 150
7 6375 525
5 6375 600
16 6600 600
0 6600 675
8 6675 675
8 6750 675
2 6825 675
2 6900 675
16 6900 600
9 6900 525
2 6975 675
2 7050 675
12 7125 375
8 7125 675
8 7200 675
8 7275 675
7 7350 675
0 7500 525
2 7575 525
9 7575 450
1 7650 525
0 7800 375
2 7875 375
9 7875 300
1 7950 375
0 8100 225
2 8175 225
2 8250 225
2 8325 225
2 8400 225
10 8475 150
1 8475 225
4 8550 -75
4 8550 375
4 8550 225
4 8550 75
5 8550 450
4 8550 300
4 8550 150
4 8550 0
6 8550 -150
5 8625 450
5 8625 150
7 8625 -150
5 8625 75
5 8625 300
5 8625 225
5 8625 0
5 8625 375
5 8625 -75
