4 0 75
4 0 150
4 0 225
4 0 300
4 0 375
4 0 450
6 0 0
4 0 675
4 0 600
4 0 525
5 75 75
7 75 0
5 75 150
5 75 225
3 75 300
3 75 375
3 75 450
3 75 675
3 75 600
3 75 525
3 150 450
3 150 675
3 150 525
3 150 600
8 150 300
3 150 375
3 225 600
3 225 675
3 225 450
3 225 525
3 225 375
8 225 300
3 300 600
3 300 675
3 300 375
3 300 450
3 300 525
8 300 300
3 375 450
8 375 300
3 375 525
3 375 375
3 375 600
3 375 675
3 450 375
3 450 675
3 450 600
3 450 525
8 450 300
3 450 450
5 525 375
5 525 675
5 525 450
5 525 525
5 525 600
7 525 300
4 750 375
4 750 450
4 750 525
6 750 300
4 750 600
4 750 675
3 825 375
3 825 675
8 825 300
3 825 450
3 825 525
3 825 600
3 900 375
3 900 450
3 900 525
3 900 675
8 900 300
3 900 600
3 975 450
3 975 525
8 975 300
3 975 600
9 975 225
3 975 675
3 975 375
3 1050 600
3 1050 450
3 1050 675
3 1050 375
8 1050 300
3 1050 525
7 1125 300
5 1125 450
5 1125 525
5 1125 375
5 1125 675
5 1125 600
0 1275 150
2 1350 150
2 1425 150
1 1500 150
0 1650 0
1 1725 0
9 1725 -150
0 1875 -150
1 1950 -150
0 2100 -300
2 2175 -300
2 2250 -300
2 2325 -300
2 2400 -300
11 2400 -375
2 2475 -300
9 2475 -375
8 2550 -300
4 2550 -150
4 2550 -225
4 2550 -75
4 2550 0
4 2550 75
4 2550 150
7 2625 -300
5 2625 -150
5 2625 -225
3 2625 -75
3 2625 0
3 2625 75
3 2625 150
4 2700 300
4 2700 150
3 2700 75
3 2700 0
4 2700 225
8 2700 -75
4 2700 375
4 2700 450
4 2700 525
4 2700 600
4 2700 675
3 2775 150
3 2775 0
3 2775 300
8 2775 -75
3 2775 75
3 2775 225
3 2775 675
3 2775 600
3 2775 525
3 2775 450
3 2775 375
3 2850 75
3 2850 225
3 2850 0
9 2850 -300
3 2850 675
3 2850 150
3 2850 300
8 2850 -75
3 2850 375
3 2850 600
3 2850 525
3 2850 450
4 2925 -450
0 2925 -375
3 2925 150
4 2925 -525
6 2925 -600
7 2925 -75
3 2925 0
3 2925 375
3 2925 525
3 2925 600
3 2925 675
3 2925 225
3 2925 300
3 2925 75
3 2925 450
3 3000 75
3 3000 150
3 3000 225
2 3000 -375
3 3000 675
3 3000 300
3 3000 375
11 3000 -75
5 3000 -525
5 3000 -450
7 3000 -600
3 3000 450
3 3000 525
8 3000 0
3 3000 600
3 3075 225
9 3075 -450
9 3075 -525
8 3075 0
3 3075 75
2 3075 -375
3 3075 375
3 3075 300
3 3075 150
3 3075 675
3 3075 600
3 3075 525
3 3075 450
3 3150 300
9 3150 -525
3 3150 75
3 3150 225
2 3150 -375
3 3150 150
3 3150 675
9 3150 -450
8 3150 0
3 3150 375
3 3150 450
3 3150 600
3 3150 525
3 3225 150
1 3225 -375
3 3225 375
9 3225 -525
3 3225 75
3 3225 225
9 3225 -450
3 3225 600
3 3225 300
3 3225 675
8 3225 0
3 3225 525
3 3225 450
3 3300 225
8 3300 0
9 3300 -75
3 3300 300
3 3300 675
3 3300 375
0 3300 -225
3 3300 75
3 3300 150
3 3300 600
3 3300 450
3 3300 525
3 3375 150
3 3375 75
3 3375 675
8 3375 0
1 3375 -225
3 3375 375
3 3375 225
3 3375 300
3 3375 525
3 3375 600
3 3375 450
3 3450 225
3 3450 150
3 3450 375
3 3450 300
8 3450 0
0 3450 -150
3 3450 675
3 3450 600
3 3450 450
3 3450 75
3 3450 525
3 3525 150
3 3525 375
8 3525 0
3 3525 675
9 3525 -75
3 3525 300
1 3525 -150
3 3525 450
3 3525 600
3 3525 75
3 3525 225
3 3525 525
3 3600 450
3 3600 675
3 3600 375
3 3600 525
3 3600 150
3 3600 75
8 3600 0
3 3600 300
3 3600 600
3 3600 225
3 3675 300
3 3675 450
3 3675 150
3 3675 225
8 3675 0
3 3675 75
3 3675 675
3 3675 525
3 3675 600
3 3675 375
3 3750 300
3 3750 150
3 3750 225
3 3750 525
3 3750 75
3 3750 675
8 3750 0
3 3750 450
3 3750 375
3 3750 600
0 3825 -150
8 3825 0
3 3825 225
3 3825 300
3 3825 375
3 3825 450
3 3825 525
3 3825 75
3 3825 600
3 3825 675
3 3825 150
3 3900 75
3 3900 150
8 3900 0
3 3900 375
1 3900 -150
3 3900 600
3 3900 525
3 3900 225
3 3900 450
3 3900 300
3 3900 675
5 3975 150
5 3975 600
7 3975 0
5 3975 75
5 3975 300
5 3975 525
5 3975 450
5 3975 675
5 3975 375
5 3975 225
0 4050 -300
2 4125 -300
2 4200 -300
9 4200 -375
20 4275 0
2 4275 -300
2 4350 -300
22 4350 0
16 4350 -375
2 4425 -300
22 4425 0
22 4500 0
2 4500 -300
11 4575 -75
22 4575 0
2 4575 -300
16 4575 -375
2 4650 -300
22 4650 0
22 4725 0
2 4725 -300
12 4725 -600
11 4800 -225
1 4800 -300
22 4800 0
22 4875 0
22 4950 0
22 5025 0
22 5100 0
22 5175 0
22 5250 0
21 5325 0
4 5550 525
4 5550 375
6 5550 0
4 5550 150
4 5550 450
4 5550 225
4 5550 300
4 5550 75
4 5550 600
4 5550 675
3 5625 225
3 5625 525
3 5625 450
8 5625 0
3 5625 150
3 5625 75
3 5625 300
3 5625 675
3 5625 600
3 5625 375
3 5700 225
3 5700 300
3 5700 525
8 5700 0
3 5700 75
3 5700 375
3 5700 450
3 5700 600
3 5700 150
3 5700 675
3 5775 450
3 5775 525
3 5775 300
3 5775 150
9 5775 -150
3 5775 225
3 5775 375
8 5775 0
3 5775 675
3 5775 600
3 5775 75
3 5850 150
3 5850 225
3 5850 375
3 5850 300
8 5850 0
3 5850 450
3 5850 525
3 5850 675
3 5850 600
3 5850 75
3 5925 150
3 5925 75
3 5925 225
3 5925 450
3 5925 300
3 5925 375
3 5925 525
3 5925 675
3 5925 600
8 5925 0
3 6000 375
10 6000 -75
3 6000 450
3 6000 225
3 6000 75
8 6000 0
3 6000 300
3 6000 525
3 6000 600
3 6000 675
3 6000 150
6 6075 -300
3 6075 150
4 6075 -225
3 6075 225
8 6075 0
3 6075 75
4 6075 -150
3 6075 675
3 6075 600
3 6075 450
3 6075 525
3 6075 300
3 6075 375
4 6075 -75
7 6150 0
5 6150 -75
5 6150 150
5 6150 225
5 6150 -150
5 6150 -225
7 6150 -300
5 6150 300
5 6150 375
5 6150 525
5 6150 600
5 6150 675
5 6150 450
5 6150 75
