0 -4275 450
4 -4275 375
4 -4275 225
4 -4275 300
6 -4275 150
2 -4200 450
5 -4200 225
5 -4200 300
5 -4200 375
7 -4200 150
2 -4125 450
10 -4125 375
2 -4050 450
2 -3975 450
2 -3900 450
0 -3900 375
2 -3825 450
11 -3825 300
11 -3825 75
1 -3825 375
2 -3750 450
2 -3675 450
2 -3600 450
9 -3600 375
2 -3525 450
2 -3450 450
2 -3375 450
2 -3300 450
12 -3300 150
2 -3225 450
2 -3150 450
16 -3150 375
2 -3075 450
2 -3000 450
1 -2925 450
16 -2925 375
0 -2775 -225
2 -2700 -225
0 -2700 450
2 -2625 -225
9 -2625 -300
2 -2625 450
2 -2550 -225
2 -2550 450
9 -2475 375
1 -2475 -225
2 -2475 450
2 -2400 450
6 -2325 -150
2 -2325 450
12 -2325 150
2 -2250 450
7 -2250 -150
16 -2250 375
0 -2175 0
2 -2175 450
2 -2100 0
2 -2100 450
9 -2025 375
2 -2025 0
2 -2025 450
1 -1950 450
16 -1950 375
1 -1950 0
0 -1875 75
0 -1800 -150
2 -1800 75
4 -1725 450
6 -1725 375
4 -1725 525
9 -1725 -225
2 -1725 75
2 -1725 -150
4 -1725 600
4 -1725 675
2 -1650 -150
9 -1650 -225
2 -1650 75
8 -1650 375
3 -1650 600
3 -1650 525
3 -1650 450
3 -1650 675
8 -1575 375
1 -1575 -150
2 -1575 75
3 -1575 525
3 -1575 600
16 -1575 -225
3 -1575 675
3 -1575 450
9 -1500 0
5 -1500 675
5 -1500 450
2 -1500 75
7 -1500 375
5 -1500 600
5 -1500 525
2 -1425 75
9 -1425 225
12 -1350 -225
4 -1350 525
4 -1350 600
2 -1350 75
4 -1350 375
4 -1350 450
6 -1350 300
4 -1350 675
9 -1275 225
2 -1275 75
3 -1275 375
8 -1275 300
3 -1275 675
16 -1275 0
3 -1275 600
3 -1275 450
3 -1275 525
2 -1200 75
3 -1200 375
3 -1200 525
3 -1200 450
8 -1200 300
3 -1200 675
3 -1200 600
3 -1125 675
3 -1125 450
3 -1125 525
2 -1125 75
3 -1125 600
3 -1125 375
8 -1125 300
4 -1050 150
3 -1050 450
16 -1050 0
3 -1050 525
7 -1050 75
3 -1050 675
3 -1050 375
8 -1050 300
3 -1050 600
18 -1050 225
3 -975 675
8 -975 300
3 -975 600
3 -975 525
17 -975 225
3 -975 375
8 -975 150
3 -975 450
19 -900 225
3 -900 450
3 -900 675
7 -900 150
8 -900 300
3 -900 600
3 -900 525
3 -900 375
3 -825 600
8 -825 300
3 -825 675
3 -825 450
3 -825 375
3 -825 525
3 -750 375
3 -750 675
3 -750 600
3 -750 450
8 -750 300
3 -750 525
5 -675 375
5 -675 450
5 -675 675
5 -675 600
16 -675 225
8 -675 300
5 -675 525
1 -600 300
0 -375 300
8 -300 300
4 -300 525
4 -300 450
4 -300 600
4 -300 675
4 -300 375
3 -225 675
9 -225 225
3 -225 375
3 -225 450
3 -225 525
3 -225 600
8 -225 300
8 -150 300
3 -150 525
3 -150 600
3 -150 450
3 -150 675
3 -150 375
3 -75 525
8 -75 300
3 -75 675
3 -75 450
3 -75 375
3 -75 600
3 0 675
8 0 300
3 0 525
3 0 600
3 0 375
3 0 450
3 75 525
3 75 375
8 75 300
3 75 450
3 150 525
8 150 300
3 150 450
3 150 375
3 225 450
8 225 300
3 225 525
3 225 375
3 300 450
8 300 300
3 300 525
3 300 375
8 375 300
3 375 375
3 375 525
3 375 450
3 450 375
8 450 300
3 450 450
3 450 525
3 525 375
3 525 525
11 525 225
3 525 450
8 525 300
4 600 75
3 600 300
3 600 450
3 600 525
6 600 0
4 600 150
4 600 225
3 600 375
5 675 300
5 675 225
5 675 375
5 675 150
5 675 450
5 675 75
5 675 525
7 675 0
